1 - 30 40 44 49 
2 - 30 40 49 
3 - 35 37 38 39 42 45 47 50 
4 - 35 37 38 45 47 50 
5 - 24 25 26 28 30 32 33 34 35 37 38 40 44 45 47 49 50 
6 - 20 21 22 23 24 25 26 28 30 32 33 34 35 37 38 40 44 45 47 49 50 
7 - 34 35 37 38 45 47 50 
8 - 34 35 37 38 45 47 50 
9 - 34 35 37 38 45 47 50 
10 - 30 33 40 44 49 
11 - 56 
12 - 34 35 37 38 45 47 50 
13 - 30 33 40 44 49 
14 - 34 35 37 38 45 47 50 
15 - 34 35 
16 - 20 21 24 25 26 28 30 32 33 34 35 37 38 40 44 45 47 49 50 
17 - 37 
18 - 32 
19 - 34 35 37 38 45 47 50 
100 - 30 40 49 
101 - 30 40 44 49 
102 - 24 25 26 28 30 32 33 34 35 37 38 40 44 45 47 49 50 
103 - 20 21 24 25 26 28 30 32 33 34 35 37 38 40 44 45 47 49 50 
104 - 34 35 37 38 45 47 50 
105 - 30 33 40 44 49 
106 - 32 