1 27 - 0 0
1 29 - 0 0
1 36 - 0 0
1 37 - 0 0
1 41 - 0 0
1 43 - 0 0
2 27 - 1 0
2 29 - 1 0
2 36 - 1 0
2 37 - 1 0
2 41 - 1 0
2 43 - 1 0
3 39 - 2 0
3 42 - 2 0
4 35 - 3 1
4 37 - 3 1
4 38 - 3 1
4 39 - 3 0
4 42 - 3 0
4 45 - 3 1
4 47 - 3 1
4 50 - 3 1
5 27 - 4 0
5 36 - 4 0
5 37 - 4 0
5 41 - 4 0
6 27 - 5 0
6 36 - 5 1
6 37 - 5 2
6 41 - 5 3
7 37 - 6 0
8 45 - 7 0
8 47 - 7 1
9 38 - 8 0
10 27 - 9 0
10 29 - 9 1
10 36 - 9 0
10 37 - 9 0
10 41 - 9 0
10 43 - 9 2
11 46 - 10 0
12 27 - 11 0
12 36 - 11 0
12 37 - 11 0
12 41 - 11 0
12 48 - 11 1
13 27 - 12 0
13 36 - 12 0
13 37 - 12 0
13 41 - 12 0
14 37 - 13 0
14 38 - 13 2
14 45 - 13 1
14 47 - 13 1
14 50 - 13 3
15 34 - 14 1
15 35 - 14 1
15 37 - 14 0
15 38 - 14 0
15 45 - 14 0
15 47 - 14 0
15 50 - 14 0
16 27 - 15 0
16 36 - 15 0
16 37 - 15 0
16 41 - 15 0
17 39 - 16 0
17 42 - 16 1
18 37 - 17 0
19 50 - 18 0
100 30 - 19 1
100 40 - 19 1
100 44 - 19 0
100 49 - 19 1
101 30 - 20 1
101 33 - 20 0
101 40 - 20 1
101 44 - 20 1
101 49 - 20 1
102 20 - 21 0
102 21 - 21 1
102 24 - 21 2
102 25 - 21 2
102 26 - 21 2
102 28 - 21 2
102 30 - 21 2
102 32 - 21 2
102 33 - 21 2
102 34 - 21 2
102 35 - 21 2
102 37 - 21 2
102 38 - 21 2
102 40 - 21 2
102 44 - 21 2
102 45 - 21 2
102 47 - 21 2
102 49 - 21 2
102 50 - 21 2
103 20 - 22 2
103 21 - 22 2
103 22 - 22 0
103 23 - 22 1
103 24 - 22 2
103 25 - 22 2
103 26 - 22 2
103 28 - 22 2
103 30 - 22 2
103 32 - 22 2
103 33 - 22 2
103 34 - 22 2
103 35 - 22 2
103 37 - 22 2
103 38 - 22 2
103 40 - 22 2
103 44 - 22 2
103 45 - 22 2
103 47 - 22 2
103 49 - 22 2
103 50 - 22 2
104 34 - 23 0
104 35 - 23 1
105 24 - 24 0
105 25 - 24 1
105 26 - 24 2
106 32 - 25 1
106 37 - 25 0